position: 
  x: -0.09801404568477788
  y: -0.3760770949075972
  z: 0.19738717727263178
orientation: 
  x: 0.9938831886737389
  y: -0.11038997062892564
  z: -0.0015912110989214465
  w: 0.002780234433420302

